1 0.6 0.3 0.91 0.19 0.44 3.0 1
2 0.29 0.08 0.84 0.59 0.71 8.0 1
3 0.89 0.7 0.67 0.07 0.05 3.0 1
4 0.56 0.47 0.43 0.86 0.56 21.0 1
5 0.02 0.1 0.15 0.45 0.4 23.0 1
6 0.91 0.92 0.32 0.11 0.5 64.0 3
7 0.96 0.08 0.11 0.92 0.09 5.0 1
8 0.16 0.06 0.76 0.38 0.53 21.0 1
9 0.44 0.46 0.97 0.39 0.24 13.0 1
10 0.6 0.73 0.77 0.72 0.96 3.0 1
11 0.87 0.19 0.17 0.59 0.08 3.0 1
12 0.9 0.61 0.42 0.58 0.25 15.0 1
13 0.9 0.36 0.72 0.48 0.95 75.0 3
14 0.42 0.61 0.39 0.05 0.45 70.0 3
15 0.04 0.66 0.4 0.96 0.35 13.0 1
16 0.21 0.73 0.18 0.39 0.5 5.0 1
17 0.16 0.7 0.05 0.95 0.11 8.0 1
18 0.05 0.44 0.31 0.88 0.42 21.0 1
19 0.66 0.85 0.69 0.06 0.79 23.0 1
20 0.63 0.74 0.78 0.17 0.98 8.0 1
21 0.13 0.46 0.11 0.64 0.31 86.0 4
22 0.72 0.23 0.41 0.16 0.48 10.0 1
23 0.33 0.91 0.24 0.43 0.21 13.0 1
24 0.38 0.5 0.14 0.08 0.32 10.0 1
25 0.57 0.47 0.64 0.76 0.22 8.0 1
26 0.07 0.89 0.19 0.88 0.52 3.0 1
27 0.06 0.14 0.36 0.67 0.43 8.0 1
28 0.77 0.92 0.27 0.86 0.23 85.0 4
29 0.37 0.05 0.29 0.6 0.66 36.0 2
30 0.31 0.01 0.41 0.05 0.66 82.0 3
31 0.62 0.24 0.23 0.34 0.22 51.0 3
32 0.26 0.07 0.7 0.75 0.43 49.0 2
33 0.76 0.69 0.21 0.03 0.76 38.0 2
34 0.23 0.66 0.25 0.52 0.49 95.0 4
35 0.99 0.32 0.73 0.34 0.23 46.0 2
36 0.21 0.34 0.04 0.73 0.5 33.0 2
37 0.04 0.22 0.41 0.97 0.01 49.0 2
38 0.66 0.05 0.23 0.58 0.98 26.0 2
39 0.53 0.71 0.34 0.89 0.78 38.0 2
40 0.23 0.02 0.28 0.24 0.74 100.0 1
41 0.39 0.89 0.7 0.76 0.23 44.0 2
42 0.21 0.05 0.37 0.11 0.08 100.0 1